=== Dataset Loaded ===
{'n_cameras': 126, 'n_points': 40037, 'n_observations': 148328, 'total_parameters': 121245, 'total_residuals': 296656}

=== Running Experiment 1: Robust Cost ===
   Iteration     Total nfev        Cost      Cost reduction    Step norm     Optimality   
       0              1         1.3279e+06                                    1.00e+07    
       1              9         9.6287e+05      3.65e+05       2.58e+03       8.99e+06    
       2             10         8.5666e+05      1.06e+05       6.92e+03       8.65e+06    
       3             11         7.4792e+05      1.09e+05       9.95e+03       8.29e+06    
       4             12         6.4168e+05      1.06e+05       2.80e+04       7.14e+06    
       5             13         6.1084e+05      3.08e+04       3.98e+03       7.04e+06    
       6             14         5.7885e+05      3.20e+04       9.73e+03       6.80e+06    
       7             15         5.3485e+05      4.40e+04       2.14e+04       6.29e+06    
       8             16         4.9144e+05      4.34e+04       2.50e+04       5.71e+06    
       9             17         4.3456e+05      5.69e+04       5.62e+04       4.42e+06    
      10             18         3.7439e+05      6.02e+04       6.87e+04       3.33e+06    
      11             20         3.5354e+05      2.08e+04       3.57e+04       3.10e+06    
      12             21         3.3367e+05      1.99e+04       3.93e+04       2.89e+06    
      13             22         3.1875e+05      1.49e+04       4.05e+04       2.67e+06    
      14             23         3.0429e+05      1.45e+04       4.03e+04       2.47e+06    
      15             24         2.9430e+05      9.99e+03       4.34e+04       2.28e+06    
      16             25         2.8065e+05      1.37e+04       4.42e+04       2.09e+06    
      17             26         2.7364e+05      7.01e+03       4.21e+04       1.91e+06    
      18             27         2.6274e+05      1.09e+04       4.52e+04       1.74e+06    
      19             28         2.5832e+05      4.41e+03       4.49e+04       1.58e+06    
      20             29         2.4881e+05      9.51e+03       4.23e+04       1.51e+06    
      21             30         2.4511e+05      3.71e+03       4.33e+04       1.46e+06    
      22             31         2.4170e+05      3.41e+03       1.18e+04       1.45e+06    
      23             32         2.3654e+05      5.16e+03       2.27e+04       1.42e+06    
      24             33         2.3389e+05      2.65e+03       2.39e+04       1.39e+06    
      25             34         2.3101e+05      2.88e+03       2.48e+04       1.36e+06    
      26             35         2.2821e+05      2.80e+03       2.48e+04       1.32e+06    
      27             36         2.2550e+05      2.71e+03       2.53e+04       1.29e+06    
      28             37         2.2301e+05      2.48e+03       2.58e+04       1.25e+06    
      29             38         2.2049e+05      2.52e+03       2.59e+04       1.22e+06    
      30             39         2.1823e+05      2.26e+03       2.60e+04       1.23e+06    
      31             40         2.1519e+05      3.04e+03       2.83e+04       1.27e+06    
      32             41         2.1353e+05      1.66e+03       2.83e+04       1.31e+06    
      33             42         2.1050e+05      3.03e+03       2.97e+04       1.34e+06    
      34             43         2.0789e+05      2.61e+03       3.52e+04       1.37e+06    
      35             44         2.0569e+05      2.20e+03       3.48e+04       1.40e+06    
      36             45         2.0313e+05      2.56e+03       3.66e+04       1.42e+06    
      37             46         2.0129e+05      1.84e+03       3.59e+04       1.43e+06    
      38             47         1.9874e+05      2.55e+03       3.80e+04       1.44e+06    
      39             48         1.9724e+05      1.50e+03       3.70e+04       1.45e+06    
      40             49         1.9465e+05      2.59e+03       3.96e+04       1.45e+06    
      41             50         1.9301e+05      1.64e+03       7.73e+04       1.45e+06    
      42             51         1.9152e+05      1.49e+03       2.20e+04       1.45e+06    
      43             52         1.8874e+05      2.78e+03       4.39e+04       1.44e+06    
      44             53         1.8644e+05      2.31e+03       8.52e+04       1.43e+06    
      45             54         1.8159e+05      4.85e+03       1.05e+05       1.40e+06    
      46             55         1.8000e+05      1.58e+03       1.69e+05       1.36e+06    
      47             56         1.7768e+05      2.33e+03       5.41e+04       1.34e+06    
      48             57         1.7364e+05      4.03e+03       1.09e+05       1.31e+06    
      49             58         1.6903e+05      4.61e+03       2.10e+05       1.25e+06    
      50             59         1.6440e+05      4.63e+03       2.15e+05       1.19e+06    
      51             60         1.6078e+05      3.62e+03       2.16e+05       1.13e+06    
      52             61         1.5520e+05      5.57e+03       2.53e+05       1.06e+06    
      53             63         1.5407e+05      1.13e+03       9.35e+04       1.03e+06    
      54             66         1.5351e+05      5.61e+02       3.54e+03       1.03e+06    
      55             67         1.5318e+05      3.32e+02       1.72e+04       1.02e+06    
      56             68         1.5259e+05      5.95e+02       4.13e+04       1.01e+06    
      57             69         1.5150e+05      1.09e+03       8.36e+04       9.84e+05    
      58             70         1.5011e+05      1.39e+03       1.45e+05       9.44e+05    
      59             71         1.4781e+05      2.30e+03       1.46e+05       9.03e+05    
      60             72         1.4572e+05      2.09e+03       2.88e+05       8.24e+05    
      61             73         1.4140e+05      4.32e+03       3.00e+05       7.61e+05    
      62             74         1.3551e+05      5.89e+03       6.88e+05       7.16e+05    
      63             75         1.3179e+05      3.72e+03       9.30e+05       6.39e+05    
      64             76         1.2924e+05      2.54e+03       8.34e+04       6.32e+05    
      65             77         1.2865e+05      5.94e+02       8.34e+04       6.24e+05    
      66             78         1.2753e+05      1.12e+03       1.66e+05       6.09e+05    
      67             79         1.2498e+05      2.54e+03       3.03e+05       5.82e+05    
      68             80         1.2302e+05      1.97e+03       3.47e+05       5.49e+05    
      69             81         1.2186e+05      1.16e+03       1.38e+05       5.36e+05    
      70             82         1.1988e+05      1.98e+03       2.65e+05       5.10e+05    
      71             83         1.1675e+05      3.12e+03       4.38e+05       4.65e+05    
      72             84         1.1433e+05      2.42e+03       3.91e+05       4.23e+05    
      73             85         1.1112e+05      3.21e+03       3.63e+05       3.82e+05    
      74             86         1.0823e+05      2.89e+03       5.16e+05       3.16e+05    
      75             87         1.0236e+05      5.87e+03       3.61e+05       2.57e+05    
      76             88         9.9828e+04      2.53e+03       2.61e+05       2.07e+05    
      77             89         9.6961e+04      2.87e+03       7.80e+04       1.87e+05    
      78             90         9.2430e+04      4.53e+03       1.48e+05       1.52e+05    
      79             91         8.9175e+04      3.25e+03       6.64e+04       1.19e+05    
      80             92         8.5268e+04      3.91e+03       1.44e+05       1.80e+05    
      81             93         8.4865e+04      4.04e+02       1.14e+05       1.43e+05    
      82             94         8.3290e+04      1.57e+03       3.03e+04       1.02e+05    
      83             95         8.0489e+04      2.80e+03       6.68e+04       8.77e+04    
      84             96         7.9974e+04      5.15e+02       1.50e+05       1.92e+05    
      85             97         7.8463e+04      1.51e+03       3.13e+04       7.89e+04    
      86             98         7.6035e+04      2.43e+03       4.51e+04       6.80e+04    
      87             100        7.5537e+04      4.98e+02       5.27e+04       1.43e+05    
      88             101        7.4556e+04      9.82e+02       6.18e+04       6.24e+04    
      89             102        7.3243e+04      1.31e+03       1.57e+05       6.60e+04    
      90             103        7.2694e+04      5.49e+02       7.51e+04       6.16e+04    
      91             104        7.2077e+04      6.17e+02       3.05e+04       4.89e+04    
      92             105        7.1232e+04      8.45e+02       6.91e+04       4.03e+04    
      93             106        6.9815e+04      1.42e+03       1.18e+05       3.68e+04    
      94             108        6.9382e+04      4.33e+02       4.72e+04       3.91e+04    
      95             109        6.8878e+04      5.04e+02       5.90e+04       3.55e+04    
      96             110        6.8223e+04      6.54e+02       2.47e+04       3.63e+04    
      97             111        6.7802e+04      4.22e+02       6.81e+04       3.40e+04    
      98             112        6.7404e+04      3.98e+02       2.72e+04       3.40e+04    
      99             113        6.6939e+04      4.64e+02       5.05e+04       3.35e+04    
      100            114        6.6397e+04      5.42e+02       9.14e+04       3.73e+04    
      101            115        6.6394e+04      3.31e+00       1.07e+05       6.02e+04    
      102            116        6.5967e+04      4.27e+02       2.91e+04       3.29e+04    
      103            117        6.5264e+04      7.03e+02       4.47e+04       3.24e+04    
      104            118        6.4954e+04      3.10e+02       1.64e+05       7.88e+04    
      105            119        6.4623e+04      3.31e+02       7.06e+04       3.15e+04    
      106            120        6.4217e+04      4.06e+02       2.41e+04       3.61e+04    
      107            121        6.3769e+04      4.48e+02       5.23e+04       3.11e+04    
      108            122        6.3490e+04      2.79e+02       6.07e+04       4.14e+04    
      109            123        6.3261e+04      2.30e+02       6.26e+04       3.06e+04    
      110            124        6.3015e+04      2.45e+02       3.07e+04       3.06e+04    
      111            125        6.2885e+04      1.30e+02       1.83e+04       3.04e+04    
      112            126        6.2628e+04      2.57e+02       3.34e+04       3.02e+04    
      113            127        6.2237e+04      3.91e+02       7.04e+04       2.98e+04    
      114            129        6.2095e+04      1.42e+02       2.39e+04       2.96e+04    
      115            130        6.1958e+04      1.36e+02       2.66e+04       2.95e+04    
      116            131        6.1749e+04      2.09e+02       3.73e+04       2.93e+04    
      117            132        6.1620e+04      1.29e+02       4.77e+04       2.90e+04    
      118            133        6.1553e+04      6.74e+01       1.41e+04       2.89e+04    
      119            134        6.1437e+04      1.16e+02       2.00e+04       2.88e+04    
      120            135        6.1276e+04      1.61e+02       3.97e+04       2.86e+04    
      121            136        6.1122e+04      1.53e+02       2.86e+04       2.87e+04    
      122            137        6.0898e+04      2.24e+02       4.09e+04       2.90e+04    
      123            139        6.0789e+04      1.09e+02       2.09e+04       2.89e+04    
      124            140        6.0659e+04      1.30e+02       4.82e+04       4.05e+04    
      125            141        6.0569e+04      9.01e+01       2.44e+04       2.94e+04    
      126            142        6.0519e+04      5.03e+01       1.16e+04       2.96e+04    
      127            143        6.0419e+04      1.00e+02       2.28e+04       2.97e+04    
      128            144        6.0250e+04      1.69e+02       4.49e+04       3.00e+04    
      129            145        6.0205e+04      4.41e+01       5.13e+04       3.01e+04    
      130            146        6.0112e+04      9.38e+01       1.33e+04       3.02e+04    
      131            147        6.0016e+04      9.53e+01       2.38e+04       3.03e+04    
      132            148        5.9827e+04      1.89e+02       4.66e+04       3.04e+04    
      133            149        5.9605e+04      2.22e+02       9.36e+04       3.06e+04    
      134            150        5.9464e+04      1.41e+02       4.86e+04       3.08e+04    
      135            151        5.9375e+04      8.92e+01       2.46e+04       3.09e+04    
      136            152        5.9197e+04      1.77e+02       4.85e+04       3.09e+04    
      137            153        5.8955e+04      2.42e+02       9.47e+04       3.10e+04    
      138            154        5.8876e+04      7.96e+01       4.71e+04       3.11e+04    
      139            155        5.8792e+04      8.38e+01       2.59e+04       3.11e+04    
      140            156        5.8625e+04      1.67e+02       4.88e+04       3.11e+04    
      141            157        5.8371e+04      2.54e+02       9.55e+04       3.11e+04    
      142            159        5.8318e+04      5.31e+01       2.23e+04       3.11e+04    
      143            160        5.8277e+04      4.05e+01       1.25e+04       3.11e+04    
      144            161        5.8196e+04      8.08e+01       2.41e+04       3.11e+04    
      145            162        5.8118e+04      7.80e+01       4.72e+04       3.12e+04    
      146            163        5.8063e+04      5.56e+01       2.21e+04       3.11e+04    
      147            164        5.8023e+04      3.95e+01       1.16e+04       3.11e+04    
      148            165        5.7944e+04      7.89e+01       2.36e+04       3.11e+04    
      149            166        5.7884e+04      6.03e+01       4.72e+04       3.11e+04    
      150            167        5.7818e+04      6.58e+01       2.14e+04       3.10e+04    
      151            168        5.7780e+04      3.86e+01       1.15e+04       3.09e+04    
      152            169        5.7703e+04      7.72e+01       2.34e+04       3.09e+04    
      153            170        5.7667e+04      3.52e+01       4.68e+04       3.09e+04    
      154            171        5.7582e+04      8.51e+01       5.28e+03       3.09e+04    
      155            172        5.7574e+04      8.14e+00       1.06e+04       3.08e+04    
      156            173        5.7555e+04      1.90e+01       5.69e+03       3.08e+04    
      157            174        5.7517e+04      3.80e+01       1.14e+04       3.08e+04    
      158            175        5.7481e+04      3.60e+01       2.31e+04       3.08e+04    
      159            176        5.7459e+04      2.18e+01       1.05e+04       3.08e+04    
      160            177        5.7441e+04      1.88e+01       5.71e+03       3.07e+04    
      161            178        5.7403e+04      3.76e+01       1.14e+04       3.07e+04    
      162            179        5.7384e+04      1.86e+01       2.30e+04       3.07e+04    
      163            180        5.7342e+04      4.23e+01       2.57e+03       3.07e+04    
      164            181        5.7338e+04      4.23e+00       6.61e+03       3.07e+04    
      165            182        5.7328e+04      9.34e+00       2.89e+03       3.07e+04    
      166            183        5.7310e+04      1.87e+01       5.69e+03       3.07e+04    
      167            184        5.7296e+04      1.39e+01       1.14e+04       3.06e+04    
      168            185        5.7282e+04      1.38e+01       5.13e+03       3.06e+04    
      169            186        5.7273e+04      9.30e+00       2.86e+03       3.06e+04    
      170            187        5.7254e+04      1.86e+01       5.68e+03       3.06e+04    
      171            188        5.7249e+04      4.83e+00       1.15e+04       3.06e+04    
      172            189        5.7228e+04      2.11e+01       1.24e+03       3.06e+04    
      173            190        5.7223e+04      5.03e+00       2.98e+03       3.06e+04    
      174            191        5.7219e+04      4.63e+00       1.42e+03       3.06e+04    
`ftol` termination condition is satisfied.
Function evaluations 191, initial cost 1.3279e+06, final cost 5.7219e+04, first-order optimality 3.06e+04.
=== Solver / Problem Metrics ===
{'final_cost': np.float64(230099.28029278497), 'residual_norm': np.float64(678.3793633252488), 'grad_norm': None, 'step_norm': None, 'mean_cam_error': np.float64(0.7260774003549085), 'median_cam_error': np.float64(0.6838825904838763), 'max_cam_error': np.float64(1.9455508840401095), 'mean_pt_error': np.float64(0.6511500235344616), 'median_pt_error': np.float64(0.450653716038244), 'max_pt_error': np.float64(172.95304449147417)}
=== Benchmarking Metrics ===
{'total_runtime': 81.38377666473389, 'total_jacobian_time': 0, 'peak_memory_mb': 3367.944192}